1626
322
8342
5122
805
9792
2423
6328
2468
6068
4362
6813
9758
2815
4635
1662
2798
7737
3486
6559
4896
5137
9055
9215
4876
615
9552
6496
6676
680
8967
2954
2394
8230
1536
4738
9025
9650
1504
9818
8862
7240
3274
5948
5559
1522
6651
972
1565
7320
7268
6921
1548
5842
2150
6530
4679
8254
3911
556
6913
228
544
9463
7586
7706
5871
7329
3552
101
2058
3745
1390
1538
935
3315
8942
2677
6651
3397
5007
6178
8085
7310
3510
9529
2341
9214
6041
8290
5652
72
1679
3643
4231
9635
4760
928
9265
9190
1080
2663
9727
4967
1186
2181
2774
6239
4631
1252
576
2911
5891
8438
9599
7272
1434
7982
8261
461
8531
9887
2944
2953
844
4943
919
4174
770
8301
1387
4104
8927
5635
5395
6104
5234
3871
9840
3336
5593
9785
8330
7809
5403
895
5831
4306
5251
1521
8998
5233
1305
988
5426
5320
7768
7929
9987
1078
27
3514
1389
77
1509
6948
8812
2519
8920
1190
7272
1486
7477
1559
8757
6949
102
8669
5102
6232
6520
9292
9828
9034
4696
3870
2299
5172
3955
7227
9666
368
9814
8877
5578
7498
2329
6039
5383
1384
3792
6291
2807
3482
2886
7539
3371
8499
1790
6628
9992
7994
7256
4876
1396
7666
1884
8971
504
5428
2886
5188
7639
6839
8467
975
4028
737
8967
6834
4440
2097
5915
8666
6984
3195
6495
2857
4034
6220
7558
8684
780
6709
2905
9710
5035
5377
5722
4391
2509
7176
4922
1751
495
5462
3206
8766
1304
6314
5823
6211
291
8853
3925
6020
2302
6469
8753
4399
5711
9974
9372
9135
7585
6768
5847
4906
161
4914
4912
1924
7918
6131
2484
7190
2072
9456
4616
2643
1516
5337
6045
6345
588
3982
9962
6791
8181
9594
8186
1028
8867
2920
5357
7481
1710
7417
1743
7804
4197
3096
3541
5291
3571
5096
1398
6132
4566
4969
7242
4404
4417
3727
3702
5107
9367
9775
6713
6067
7611
556
5265
8657
2043
1076
4173
3429
699
4611
5102
2558
778
6435
7071
9913
7594
5427
8367
7803
4799
1961
1720
6500
3219
6659
792
715
3706
9370
2367
4914
7926
3357
2600
7436
1326
3777
6079
356
7133
2277
1470
1088
9184
6338
2862
8842
4467
3997
3368
9880
5036
8536
9235
2470
2276
3597
2869
5503
325
5706
2983
7326
5214
5937
9885
3716
6236
6208
2664
6370
8709
6172
2535
9398
5858
3741
5697
1167
6020
9965
8381
9313
3349
7630
9116
5970
8276
9615
9303
5115
1480
5249
6316
3835
1111
9204
3898
3349
7075
8687
4009
1760
226
3493
8448
3166
9144
7525
119
3859
5904
7813
3182
714
7466
9221
295
2848
2941
1416
5138
6462
9145
5905
7372
4460
1557
7859
6539
5845
1269
394
5177
4225
8701
2400
7070
8382
6820
8409
6380
4406
7505
9609
5412
7985
8554
8502
2707
9949
5508
8327
7846
972
2481
5908
1714
7180
3328
3363
7421
6893
7027
5396
1367
8578
7012
8051
9588
2099
6422
3467
1820
5917
5679
3342
375
5317
5151
3635
2227
2807
9991
4469
3564
2280
8607
4730
4628
6415
2160
1887
6856
8598
7784
5241
6923
1924
9602
4368
6386
9211
7368
558
2962
4420
8573
7200
208
6203
6651
19
9296
9949
824
4679
4328
4617
339
8770
854
4574
951
8734
2641
7327
7314
9246
8284
7950
1689
1636
7831
3260
3045
3134
5705
3687
9869
9703
2091
8016
4400
8609
2219
3797
9505
7538
8076
4356
3416
7451
5966
7528
2363
4732
4836
7946
6090
5411
4940
9887
9877
4036
3531
4151
180
699
6694
392
4974
1199
1467
8568
8564
9088
9450
9982
195
5901
4729
3415
9726
2953
5023
8756
3418
7927
5173
4700
7470
3076
7299
1077
7738
6174
6106
4911
1817
6677
1552
2865
8984
2499
9297
4677
479
3946
4846
5928
4329
8516
5676
8657
2917
2165
8276
3535
8466
6189
2571
2878
1064
3237
5393
971
2997
1263
2470
1973
821
6444
9747
1093
1003
3317
6900
1699
3422
7114
431
181
4120
8708
4453
4872
7393
4802
2809
943
7910
8809
911
4962
9804
4252
8993
6385
7332
6310
3138
3528
7680
3864
7466
4209
1309
3798
3045
817
5391
6889
6371
6005
4788
4769
2150
7562
5530
1054
8813
625
5494
6663
8579
6747
7619
4739
1474
3227
9269
8193
7106
3959
3600
4484
2920
9543
806
5238
7101
3998
6162
7889
7475
9985
1658
4599
3779
3448
6064
8362
4260
2581
3780
1178
9315
3404
8831
8393
812
1292
3054
8947
407
1771
2099
8364
2367
6038
8575
6330
9710
7618
6426
6719
6943
4148
3430
966
5139
2193
9271
10000
5168
4704
7815
6231
7098
7748
9046
3108
4307
8006
1814
1033
895
1847
6251
6996
9241
4871
8360
5073
1784
5886
168
3357
4144
1482
5240
6157
6135
8761
3313
8130
623
5692
1257
5
9334
5460
4348
5261
3865
6833
2605
6057
6039
3897
5294
5685
9430
2896
4340
4208
7660
1453
9720
713
1420
7283
8049
5731
375
9175
1064
7150
9856
7485
7535
7758
2765
362
1636
5430
4396
5767
1757
1268
4512
4202
7857
9512
8956
3472
9575
8873
8477
1873
7169
6248
3614
2601
5933
4423
3278
7554
6957
1462
2379
4869
659
1742
5708
7909
4285
8519
1544
122
1117
8134
7285
895
8872
5333
9609
9427
5222
8972
3527
19
9393
4095
5485
9758
144
524
3695
512
8947
9621
4580
4654
6512
4432
5896
7282
6161
6095
3465
5486
5138
1313
8386
3856
1293
4139
5266
702
8138
5498
2165
8068
5682
5812
4972
4140
8638
9040
222
9860
1249
9292
4520
5116
8776
7760
6451
3491
395
5977
8270
2937
9457
9889
7699
9131
9178
7911
5974
141
367
8434
351
9337
8784
7405
4629
7412
6031
2896
8040
5502
237
8584
2775
2446
537
9414
9844
4657
2855
1489
4275
4678
5586
3
9496
6653
5819
3023
4971
1904
3275
113
5696
8583
718
9009
4011
6504
4572
3735
3717
9619
6514
8204
9898
7291
1228
3104
1186
3271
7025
9160
8830
63
8187
7799
1632
3106
8663
3928
6412
2376
3677
7982
9750
7972
1724
6100
7473
1186
6180
6252
7539
1854
9994
6889
6368
4124
9971
9530
7672
1980
9388
9923
7873
4039
7926
2651
7482
4712
3097
1823
6100
8327
5979
7715
2739
9003
7043
8086
5313
3742
830
6318
4166
433
2670
4136
3532
2740
9355
6247
3007
3714
1394
2156
1266
3761
8458
2731
3140
5426
7049
4772
8615
3935
3437
958
4815
1397
8623
3809
3319
9144
806
1536
4747
2354
2853
7110
1510
6179
3044
840
9083
4402
2855
1507
6307
3354
3929
5198
8723
840
3728
621
5281
7085
5815
6384
355
9732
7798
3961
9510
6850
7703
9553
6025
4278
8993
8483
3400
8510
3328
8702
6781
205
8728
1623
2811
5340
8357
3727
443
5149
3481
2759
5133
6825
344
4466
7143
9471
8220
6450
9046
4592
8208
9195
2520
6866
2101
3840
763
5645
5325
8043
5868
1292
390
6226
5068
5052
9544
1936
1520
9318
9233
6401
8237
8809
9482
9899
1138
5446
4639
1028
7123
4852
2969
3537
9156
120
5010
3880
6069
760
1430
4028
6270
2843
1121
7596
7516
5234
6622
668
7600
4882
3799
1382
4389
8845
8063
8835
7709
872
7382
6642
3538
808
8318
4528
7488
6201
2358
5016
5917
8946
1520
4233
4943
2772
3693
1177
6536
6832
1882
1242
9132
9764
9727
3193
2116
3803
2950
9185
4653
2885
7328
4423
3031
7723
4099
4825
6468
545
2548
1786
7236
267
5506
8360
5306
8598
7726
4816
8491
370
2215
499
382
879
2260
2199
4108
4057
2247
5005
486
1294
6159
9404
6657
7908
8591
9396
4386
5525
1271
7155
3071
7675
7175
5405
7327
7456
1827
8229
3092
1304
5599
9532
9338
7556
3737
2309
2749
6503
7474
7907
6964
2076
9533
7539
2783
1624
1731
9957
8170
2408
4342
8262
8649
2615
8641
3894
2020
1502
2776
3401
3570
1578
2358
1841
4963
5496
1946
6197
3472
5645
8932
6460
7828
612
1829
282
7695
7538
9576
2996
2143
665
7728
4746
5449
2006
5273
1652
8611
8411
9022
7548
8510
5434
9716
8540
115
2484
8536
6317
4213
9913
5373
6499
6649
3306
2143
9244
7116
5237
45
5138
902
1267
2464
9488
9884
7836
9973
9541
4238
4669
7900
3443
5085
4426
4521
8398
5494
4998
2253
5662
4168
3627
9239
7977
1220
8002
4201
9973
6871
7073
5300
4478
1075
844
6979
6637
346
4999
7938
607
9673
9987
7592
3992
8380
9885
3300
6073
2461
3556
7393
3531
9611
6074
6764
4732
8377
9115
31
3529
9213
6916
1343
6641
2666
5120
9669
9808
1326
7593
8765
9418
8241
9864
3918
1180
7013
1391
1956
400
5477
9407
957
1078
2995
914
3881
7072
9190
69
5374
6575
5404
9495
256
7312
76
4180
3775
5458
8135
4416
2487
7470
3331
6058
5209
6765
851
9092
6088
9902
1580
1624
1127
4469
1795
7255
294
2157
1658
138
5113
6818
4908
3818
3084
3923
1506
163
9228
5591
1034
5130
4782
1531
1967
1608
5382
3265
7764
9369
7485
3807
3733
2622
1079
3792
8543
1185
4231
4673
8612
7546
5543
4605
4244
9736
1689
3673
1626
3482
9882
9746
9
2970
7388
1235
661
4016
6530
3870
7499
9325
9259
5307
5231
9483
2893
3067
9769
9114
9514
404
1274
8375
7161
556
273
6773
1021
9129
1834
2040
8081
4463
8563
6900
4611
6240
3943
3990
961
203
426
5815
3063
7415
9960
567
2789
112
1455
7181
8125
1048
7803
3330
6117
9226
1552
5907
1052
9176
2844
4115
4828
2018
3472
9401
9611
8362
3515
9983
789
3143
569
2268
7149
7013
8203
1162
7645
6970
7836
6396
9712
2116
1239
1737
9038
544
4296
8955
3035
4578
4746
7969
6480
925
2241
8047
9590
4560
7958
6219
5918
8433
1086
3887
7125
4529
6286
679
7587
3536
2184
8602
19
5266
4536
3239
7703
4080
577
7230
3441
4037
9265
4929
7757
2288
3380
2876
2677
8740
1577
3298
3015
6372
3227
9139
5358
4210
5373
4118
340
2861
2703
6165
3017
5703
5321
3176
3778
8451
8299
4146
9292
5860
897
6914
8416
4741
3711
227
8531
8490
4274
8654
8261
2766
7347
5640
1758
262
2642
1320
5067
1038
3577
2254
8650
664
2061
6374
434
9076
6925
6467
3979
4236
6766
2574
6378
6490
3150
9136
2967
2920
4117
1627
3624
5645
6093
5504
395
8575
2666
4656
2853
9334
8717
4199
158
9844
4368
4069
8287
5871
852
6036
9985
1743
2958
51
5334
3755
9095
2911
15
4646
7325
3081
9777
5009
3773
2673
5790
3120
2681
2179
3031
8535
2488
4836
5720
9559
5555
6644
4213
5278
6609
676
5987
9479
2248
708
2120
5760
9679
629
3132
7154
131
805
8055
5103
4094
1529
3967
1418
791
9982
2394
8879
5585
3
5016
494
6483
2746
2869
5977
3707
9649
8270
7601
793
5454
2174
8007
3984
7570
8004
539
7894
3926
5620
7304
4703
9114
656
8165
9207
8102
1241
3755
1977
808
9099
5101
2606
3386
3120
6473
4187
2512
2375
4057
9072
4082
7614
4043
8286
6448
5131
3601
9370
6834
3127
3347
5302
1601
1705
915
1673
4286
9526
4153
2899
6991
308
2300
50
3547
1439
2665
3287
7425
4990
7537
6531
7356
3338
2269
5252
6711
8793
1024
6175
4853
2759
5048
8578
998
8700
2469
5104
7096
9253
9471
9447
317
1161
8388
4908
8841
4366
9189
1829
1594
3905
3595
4031
773
3678
9347
4444
6726
6640
2138
7859
195
9096
6470
5351
7752
9337
8574
8326
6793
8334
766
2707
2074
270
6532
2496
6606
5428
6528
5616
5950
8679
8173
1975
4788
3252
7393
8702
6837
1243
1391
4674
5578
2402
5698
7139
2566
7904
1479
2788
7598
8026
9830
1539
5025
8568
9012
5246
8664
46
1296
8236
1633
479
2722
3599
1482
9284
9623
5936
9610
2021
6625
6756
1587
7923
3807
8186
4517
7238
8866
3713
3744
6573
1511
371
1705
1090
2637
2161
1876
5366
2889
9668
2094
7819
745
5898
3583
22
1054
513
6667
7555
1661
1789
872
688
1989
7003
9843
3705
786
9193
8687
8741
6593
7393
4245
3312
5312
449
9529
3998
9502
7074
2262
9140
6887
4468
4814
67
1019
483
3978
4983
5721
6455
9698
8083
5136
852
7519
1436
1972
5142
2772
107
7256
4652
2547
934
4293
6353
7532
6429
6058
7428
2454
3014
6687
1086
964
6228
8627
7521
7937
1281
6501
4092
5141
4764
9901
1967
4010
9231
243
8199
5429
8230
1513
3668
7696
8396
9146
5912
5334
7976
1487
5526
5500
6559
7669
820
3767
1157
663
9317
3032
6937
166
5740
1269
9733
8946
3049
1047
5628
5659
53
3247
8074
2435
5803
6893
3394
8345
7119
2422
3218
5080
5650
7805
4153
8443
1149
9408
8013
356
3404
7343
9514
5405
5408
4115
8146
4163
2322
974
6002
1353
5041
1555
6227
6456
3440
4223
205
1073
6951
4797
8893
5861
6514
3986
3484
9643
4025
7842
1198
278
7713
4214
4133
1636
8072
9847
7248
7805
7324
3745
2712
2305
34
5986
1807
2040
3168
5135
4846
2901
2137
8966
8231
7412
4342
4823
9889
8223
1294
5361
7437
9772
3799
9412
176
1391
1233
761
9973
5943
9765
9136
9661
1305
3156
5851
5675
2409
3024
4330
6674
3308
1200
69
1396
9893
8168
1957
4294
6435
3787
7442
4972
1116
296
7108
1351
9298
1229
2685
2667
9980
3529
8999
8436
8393
4311
8658
874
3150
5559
4606
2338
8864
7218
6103
2593
3176
7467
8523
2416
7580
568
5371
6660
1190
9085
1795
597
7704
2578
9663
3553
6795
8214
653
351
3808
2561
431
8652
6536
6663
2792
7251
4780
4967
7745
9262
6263
3645
6086
9619
8324
2406
5423
9265
650
2176
9800
3111
7431
9093
1086
2196
9083
6980
3198
6830
653
3779
9628
2643
4265
2130
7396
8940
2608
2180
694
3889
2766
4472
4297
2027
2506
3573
8248
2026
9183
9472
1819
9205
3635
7432
4442
5627
5350
7280
6678
9206
5952
5491
8271
6859
8469
5281
8899
5783
9492
3643
2125
9607
3663
2667
8737
2522
3331
623
1503
31
7514
245
9686
1101
1499
8876
5615
5904
1929
5364
8925
8004
6152
6842
3828
4096
6509
1854
1474
1138
5046
2231
281
1861
4864
1032
7851
2973
8941
6648
6952
3626
7424
8366
8658
1280
750
9322
374
2377
4251
1167
3097
688
7190
1882
7222
5458
260
7145
6812
1026
4840
6017
4610
2839
6904
515
6476
5263
5338
9304
8472
6765
932
7271
6911
3497
2211
6134
476
2258
3759
9474
8014
6666
5511
3454
4595
295
500
2657
115
8829
7200
6774
4291
2203
9948
7987
6917
4998
5590
4910
2729
9780
9932
3979
1422
2951
4210
6600
5067
6855
1129
3902
4609
6057
1328
5149
1755
5381
3321
7945
2543
824
5749
9855
1626
2644
6082
4648
9420
4965
3297
3876
6760
5456
9004
5597
585
2491
1554
8228
5847
7636
8212
37
8443
7572
2748
3337
916
2891
389
1905
8384
5404
3905
4626
651
2972
8478
8676
6791
4644
3023
3697
1787
6567
8664
9259
6183
4098
7610
8007
93
82
30
3961
7390
7659
955
3668
4615
8066
6891
9020
5334
9882
7386
6683
6550
786
6815
1153
7539
9485
3847
9235
3868
8480
9101
5747
7820
2648
8391
5259
7408
6432
668
5102
345
6457
320
931
2078
3939
6890
7771
6083
8844
9623
8716
382
9065
6963
169
4369
3550
4789
7114
6777
965
8762
4860
5355
2765
9774
5196
1504
1214
8143
7327
2342
4782
1123
8041
361
1853
4846
8569
7651
2047
4732
1811
2642
5018
5862
1613
9443
7947
2554
3269
9158
9252
2252
2323
6289
1148
7748
3843
2672
9454
3992
2897
2406
22
8209
6685
5945
6150
3075
2570
3225
1484
2307
733
7164
7150
1267
7141
1800
8999
6161
2135
3885
1816
1384
8708
4231
4383
4430
1638
8322
796
7609
6846
5818
3411
9628
7412
1595
3656
1011
332
8931
2748
445
8837
9991
622
9152
4751
1540
3022
7221
6783
4242
8533
8627
5413
8317
9603
4639
8298
1161
5888
6752
4081
3738
2541
3353
2132
7818
5508
4392
3658
4347
4412
2428
8388
6995
927
914
7788
829
1928
9817
8953
9504
3548
3619
34
8532
7410
6556
2595
344
6493
6236
4087
4350
5205
6383
7747
9398
1749
9515
6128
2690
3850
5027
149
7588
2076
1999
5541
2909
3503
7988
8230
4396
9350
6238
5611
2998
8484
8287
6244
8010
4893
5861
7674
6291
3534
7425
1500
5027
4728
6333
558
3527
1596
2066
5384
7003
4954
9807
4364
218
1263
1664
7348
1891
3801
9061
9246
2817
9976
5355
6360
5937
9692
2890
6778
1481
6467
3671
257
2759
1853
1479
7639
8510
8559
1712
8179
1168
3454
2095
4446
2854
6429
6960
8234
8909
5708
1671
3465
6678
9305
3317
6716
3110
1090
3355
3918
9380
5520
8278
3296
7440
5907
1242
8526
3721
9712
3120
6322
8653
3650
8033
7830
1801
6027
9476
4323
3430
2799
1722
696
568
2626
6118
6056
1994
8131
1729
4667
4926
2814
1224
2100
8383
7169
2747
45
4999
2845
3715
305
6556
5300
4350
9139
3060
3390
7234
7020
9772
2116
5304
9451
3818
9260
9814
5369
8736
2174
186
6737
4431
7111
729
385
3389
6454
6061
6985
7828
5494
9551
1545
8472
6541
8655
9318
8916
2280
1480
9464
3047
3320
2502
7899
6151
8890
2401
1881
7456
5994
4141
3902
4736
685
7187
550
6885
3645
5511
7320
4409
3890
8204
9264
4707
4107
2566
7164
4251
7003
3510
9072
7749
9369
4451
4908
3401
3816
3770
278
1223
6154
667
3726
3001
2288
3331
3156
7150
3413
377
9650
8638
3572
2199
3430
6219
4449
4705
1295
9244
3766
6216
7978
7354
9091
7305
3765
9120
9835
8128
9083
806
2421
7837
2504
2265
1869
1198
1842
8756
4489
6229
8255
6149
6473
1615
8013
458
584
5390
218
9958
761
5819
5003
5831
2903
2208
5815
2246
1518
8115
4601
948
2282
7688
1356
9793
2844
6468
7471
1821
1179
1644
2338
8472
939
3861
9863
269
9694
5860
5534
9516
5604
9165
4149
7628
2460
4117
1103
6613
3786
7334
4008
7555
6991
4545
494
3226
1754
7961
2674
812
2275
8798
5049
9763
4572
7336
5436
7219
9399
8272
8601
5567
8383
6895
4618
9944
2752
2986
254
44
2007
2635
1916
6486
2036
2389
4495
243
1988
9498
2550
9416
1647
1476
7698
361
4804
3281
7987
6329
5241
5233
1925
6988
8702
3035
2317
7416
950
3916
3693
7750
4725
7725
3602
7356
7512
7156
5556
8048
807
8068
7088
8461
717
1802
2232
6330
6621
1167
2565
4705
2122
9818
146
1063
301
7806
8281
255
7571
2734
1625
918
3586
4992
5196
9226
7677
3216
3231
1353
2215
4568
6218
4846
4718
5899
2200
6325
1160
9892
6125
7447
2618
4612
5988
7151
7918
2992
9099
5041
8272
4924
9915
1918
6075
8067
7734
727
5790
7879
8718
7766
1398
3970
8290
5165
1193
3441
4170
7547
2252
3917
8585
4272
2050
3272
8568
7868
4983
7175
3985
529
9251
7495
8445
6666
9348
4811
3456
4316
759
5359
174
792
7356
9862
2264
2978
2150
6365
1320
5037
5450
9260
3230
7221
1615
7081
9574
6516
7909
4094
88
676
340
9901
4096
6468
6142
591
3012
8546
3602
5440
4135
2394
4146
6900
869
2721
5537
5507
3158
5859
366
6057
5285
589
8922
773
3796
6744
402
6772
4501
3065
2431
9500
7269
6569
8255
2737
7968
1537
9102
3299
6829
2450
1018
4007
7135
7649
502
2181
417
7208
2610
1566
358
4583
3304
4883
7203
5718
7214
4287
5544
5288
4994
5898
7315
1638
5716
7803
8748
805
8967
5597
1416
1410
6492
7939
4415
777
6235
1319
1747
5286
8900
6399
6776
5458
1961
6115
4286
3860
4633
9919
3317
1889
4400
931
2188
8089
1777
1680
1929
4445
9427
6925
7684
9820
3827
27
4354
6905
3487
2002
7963
656
247
8271
6930
4859
9872
4497
8223
5105
9037
9078
7332
3819
7732
6046
5419
9752
3154
5661
387
1262
2401
4837
3538
8289
7396
5141
1096
466
1360
726
1593
4929
4860
6041
3496
7345
3331
5607
739
6763
1562
6683
1812
4894
7340
5708
4135
9810
9417
8556
3071
2573
4090
5808
5184
7575
5802
4302
1483
5151
8970
7702
4133
168
5250
959
7505
8411
3734
8977
5543
4745
4050
605
3940
7817
9714
4735
62
1445
4293
7437
4948
904
1650
1194
1369
4599
6581
9694
9899
7734
5170
7519
1696
9132
1757
6120
4670
9400
9589
2143
9259
4607
2512
9186
6125
7649
9201
5826
6378
2863
2701
2587
7677
4194
2559
6472
8071
447
6191
4261
8311
1714
4054
4870
5124
6447
9091
5054
2485
9085
3381
2011
3518
5286
9035
2163
2137
3248
6796
8139
2665
3313
3415
580
3214
1540
9987
6819
9762
5471
9668
4661
5858
5680
5793
1189
6331
2075
3766
1178
6430
7247
2736
84
5200
2111
5817
5594
4279
284
6127
7403
4151
2018
4222
4540
1441
4646
7759
5083
256
5407
4920
8016
1361
4095
2891
5705
1216
2487
4681
4347
8897
2769
4773
6741
4654
3875
749
7796
7788
5315
8846
7267
9087
795
4846
7599
7394
4235
2056
5227
9089
2885
9814
8021
2705
5594
2285
7395
9411
6234
5695
3104
5647
8759
6314
5242
2530
3388
9177
2451
2321
7608
5293
7545
4784
202
9664
84
1793
1892
9983
4620
440
736
798
7232
6861
3407
7974
8873
7135
1047
5223
1315
210
7779
9463
5956
2850
5166
6188
5064
4767
9340
8047
3946
3561
7165
4935
8720
1925
3594
8575
1905
9740
258
3744
4607
645
1074
8832
5160
3725
8177
4401
9941
7469
8712
9658
7957
9333
2795
1362
9691
7491
5904
6507
6575
4611
4521
4677
7551
3557
9513
8739
5087
1210
304
2131
7317
378
4869
2933
1464
3511
9665
9735
4355
1246
7194
8220
9427
2616
4615
9996
9807
9253
9753
6973
4788
9327
8204
2166
2929
6206
6188
2123
5734
3352
9553
7342
1279
639
5610
703
5601
5691
6779
9734
9511
4013
7752
4218
3944
842
1385
8681
3363
4323
4413
2120
5629
9156
2078
5844
1404
431
2469
1211
5004
2803
9395
5806
4275
4800
9384
6464
9070
327
6027
8092
5969
7579
6566
1615
6062
1331
222
9586
3603
3472
8656
6566
4634
6380
7778
3559
6754
1140
7787
1551
9777
3941
2006
8311
6954
9329
3003
9654
7875
7988
8150
4012
5585
5706
8968
3532
6308
1083
2014
85
1392
2259
2089
8771
2174
1905
5954
9533
1644
5966
7282
3231
1609
8347
2979
7171
1472
2603
880
7710
4301
5815
7682
5918
6497
2076
9528
9799
4466
9737
75
8433
1656
8468
7696
1424
1624
2282
1559
4041
2408
6977
9704
6471
989
1334
3902
5732
5821
9090
3014
6253
7762
7111
2674
810
3322
8752
593
2608
993
7610
6846
6503
2123
2268
8351
4981
9834
9238
414
7636
4584
4698
5809
1303
6075
7208
7956
5141
3462
554
3391
6605
7577
8856
3197
3764
7076
6283
710
4666
8093
1907
1998
8877
3153
9750
7234
5965
5121
6969
6731
1291
2992
4797
2495
8985
2469
5988
915
4377
8606
2212
6848
8341
7914
4970
5191
412
2101
9656
1893
5183
7886
2866
6340
4417
7565
4877
8329
3565
6820
47
5803
9543
4648
8727
8578
3262
5132
2113
5201
9486
6177
5157
85
2418
4552
6852
3054
9379
3337
306
3744
6436
5000
4786
4393
3528
2820
7443
1389
27
7058
7203
234
7928
4147
7796
7373
6765
6568
3324
4874
7142
6691
2547
2913
5895
1493
7793
7672
7638
9749
1525
7091
723
300
2405
5892
364
3971
3469
6854
8494
7184
2387
7325
3981
5232
7736
1002
6615
9448
230
5494
4818
5524
4637
339
9956
5701
3305
6802
5681
148
2562
3815
1899
7716
9943
8651
6055
5818
6906
418
722
6790
4030
1837
7816
8771
1500
1053
8763
9169
6340
2537
6674
2244
8316
8557
7624
8965
3174
2315
5547
4832
9842
7628
1407
3267
8695
6752
4404
8756
8410
8675
1494
5265
7498
5074
7450
4815
900
5470
6509
6273
502
3575
2947
2468
1955
8264
1328
2979
3338
4103
5221
9089
6062
7766
4834
4688
66
7090
9887
1765
7977
6978
373
4330
5953
4236
924
3305
248
2730
567
9843
5846
4729
6084
4028
639
1026
552
4878
7579
7691
4269
997
3894
4007
6832
396
4666
473
8501
6733
7074
531
3762
3661
3936
4122
1402
6658
945
2412
4467
3619
3928
1769
9403
1605
2092
9093
2621
4935
7844
9842
8425
4198
6673
7664
2738
3587
9782
659
9380
3316
2264
9988
3495
6618
987
9633
3184
4846
7360
6930
9083
205
7757
2109
2927
9503
8042
8202
928
9052
9870
4843
5441
2082
6064
2995
6262
1498
3298
6239
2771
3953
630
3655
2258
4083
9231
9119
9206
8922
8857
8340
7426
1554
3054
9506
5442
7351
6717
1726
2456
9613
9582
6255
5746
8845
1991
1652
8747
8959
9464
5086
3762
4783
2813
6292
607
6742
2225
7689
5216
8277
3590
5718
1801
6979
6421
6590
1946
2919
9027
2072
4540
3907
4380
150
8197
7333
1463
7814
3257
363
5394
6129
5059
9401
3047
7772
5480
1824
5592
432
6943
9272
2176
7336
6500
361
5637
9810
3539
9414
5766
5889
1922
7221
6835
5223
7360
7269
4300
4661
4591
963
4282
8425
4134
7131
4466
6998
1375
2639
934
5880
7807
1535
1039
713
4933
854
7036
8052
4528
9598
3314
1467
8695
7724
5569
3395
7271
4726
8151
2659
3319
7203
1359
8841
8685
6248
1807
218
17
9498
8248
9223
2473
7204
6104
6935
2624
8010
9428
3498
9637
8218
5115
1400
2242
2639
3899
8533
842
957
5745
6949
6847
2125
8133
8690
2589
356
295
4621
2034
5544
9885
2332
2182
8243
8683
5947
8710
6536
6077
200
6198
1259
2294
3116
9990
5249
1902
4545
1651
4510
9299
2776
7894
5520
1514
8289
1833
1876
7599
8781
4473
9891
7162
6379
7567
240
6651
199
4206
5021
236
942
1607
7738
5703
5725
796
5224
8221
3365
3057
24
848
1954
3052
9042
7334
8772
5208
5417
361
2808
3406
2300
3562
9524
7824
5657
1118
1071
9284
431
4941
1438
755
6452
6500
923
4121
1472
524
4516
8646
7869
7401
6629
6793
5629
7186
4312
5838
6964
3885
3367
3435
4074
4586
5475
2797
2994
4290
6179
5057
3685
3973
8564
1101
2099
6366
2310
7208
6616
6730
1286
1902
2251
2275
1670
7
4499
4076
3925
820
9037
5314
7659
9897
2020
9864
2258
4236
935
4743
4551
1079
293
3839
9981
7166
3885
5999
848
970
7348
8105
6221
9678
1289
3807
6031
8617
4443
4548
651
6460
9184
9278
6301
6768
1309
9315
3694
2036
5781
227
7135
4873
4409
7270
4606
7337
7440
1494
8767
1847
1768
486
8266
7297
3480
9836
1319
8861
9519
9774
941
6942
4845
3613
7691
7774
1238
4868
1806
3096
2729
8789
8678
5718
980
8015
5805
7743
70
8020
4898
7785
3821
7824
1238
7423
5449
3202
5904
7352
6149
9212
7521
2027
4004
9401
2782
2863
5682
3767
8624
3507
141
4861
2642
2870
1210
6499
7969
7033
2251
6210
7508
4346
6027
8424
7363
6195
7560
6708
4366
4369
9319
6497
6583
404
7263
170
2098
29
5904
6511
112
209
6074
9690
5973
7489
1833
3941
2596
1795
5503
6604
4220
9202
876
8799
1418
6209
9053
588
8668
9814
389
3131
4847
3282
8980
139
2815
1198
21
3447
5229
965
5781
539
3767
672
229
7203
4069
2675
9250
3322
3112
3794
9046
7876
779
4148
9950
7859
460
1401
2941
9671
4381
9239
5814
7246
7740
940
8988
2818
7427
3593
3871
907
7969
2355
7071
8612
3496
4811
3639
7225
1456
1435
7056
6075
7338
6522
2291
9494
5993
5383
7766
9828
5064
9991
6731
6464
9135
4905
1622
306
3321
4906
4104
5191
5041
7652
9366
8205
9610
8125
5415
4576
2606
7701
9882
3797
8302
6752
1941
3670
6366
5213
4104
347
2781
6123
8975
1654
7167
6414
6050
4891
630
8837
7503
6004
5614
5839
6750
2456
876
130
9399
5896
3272
8745
9839
263
5055
1189
2806
7308
4478
3907
6881
6067
3471
9356
5208
1474
9221
3855
6605
780
3224
3700
408
3750
2625
9914
1300
3199
6664
7673
4268
8646
7128
3663
2912
1058
6979
969
4726
6501
7310
3229
3363
9874
1806
3725
5168
787
4426
6612
6594
5813
4609
2057
2285
8891
2953
744
1517
5681
3545
4264
7181
3780
3069
9762
4094
6534
9588
8331
4676
7875
2811
927
8046
2128
3037
2866
6990
424
2505
3716
4155
2121
6258
1982
6449
2515
6372
6459
2751
515
4182
8594
5122
2422
9527
3182
9194
7065
7092
8554
8773
1530
1897
7785
4946
3957
8742
2507
9693
3867
2703
4765
4251
6827
6032
7626
9324
2592
7810
4759
6377
4986
3444
8076
9991
5140
1681
7226
7396
9438
4360
4110
2739
4673
6635
8152
5562
1082
411
1324
7399
322
7088
581
288
2009
3782
7033
5473
97
8469
5621
4921
5270
9455
2472
8552
1387
2746
668
1639
4790
3034
6700
2989
5095
2712
9318
7709
9841
813
1356
4798
4699
9638
6128
5088
5065
8888
6472
5568
8729
4058
665
6849
5648
2774
4793
5737
2557
4426
9303
1014
9635
3271
8755
1187
8488
2471
3465
3566
1736
7733
5288
9117
7152
4998
1801
4924
9284
4821
7510
8331
3395
1815
7968
9552
8471
1531
6658
7337
1081
8005
2739
8315
8827
2331
9312
6208
5316
412
7945
294
8888
5445
6725
242
9966
1335
3604
1596
3533
8708
3469
1882
9950
7347
8823
7327
7709
5642
2493
6362
2178
5009
8673
5520
7915
9777
4662
8672
3579
2732
4485
4800
6446
1842
5650
8192
8990
605
110
4459
8734
4672
7853
2043
6384
9916
2369
3612
2637
1685
5284
227
1694
989
9134
370
94
2218
9046
5662
6125
2691
1671
7432
1103
3044
6992
3505
177
3518
3921
4341
197
5638
1822
3315
7205
4401
3443
1745
4597
8687
1528
5845
9452
5681
2319
2879
7942
6770
6142
9034
7374
5946
7698
9439
1694
9435
8571
7383
7481
3542
2196
7682
3073
3044
5619
4898
1684
1007
4392
9189
2896
8823
4044
2933
9884
2572
5303
977
4830
6233
6132
9000
3198
1846
4333
8381
3736
834
3854
6738
6361
5842
2221
3381
8463
1008
8653
2208
6112
2014
146
591
6313
2176
5746
9688
4580
9131
3461
2402
3696
40
6068
1079
6492
8140
7550
6125
9123
7840
4766
6275
5466
342
2198
6188
7981
6609
3502
8111
7906
1903
5294
9618
1442
1523
7970
5806
4378
5928
6219
9936
2395
1125
7997
5593
7291
2418
9256
7767
275
6480
2298
2828
6555
7114
9742
3826
2438
5593
8062
5799
7370
7359
8515
7879
788
5612
1642
2981
9894
3009
8977
867
1473
257
6033
347
3073
3558
9782
5014
1357
3427
1647
1587
4067
1713
5418
5986
3450
7408
2388
3929
1307
4450
4058
6638
9462
3784
7847
3304
1478
9127
5530
6170
8775
6662
2782
6691
7768
799
9386
3959
7761
9968
6940
4778
3849
2411
4216
5765
1593
5202
7137
4692
838
9809
1079
9605
3944
1164
3528
1347
8696
8919
3745
2250
9506
1510
9937
4479
928
7849
2136
3889
9602
3034
2816
7125
9333
3219
2344
6520
3014
8756
1735
9848
946
1013
3107
3208
7651
4402
2054
7882
7510
1184
5219
9367
5199
6138
8002
7685
5824
7877
741
8804
5670
1201
3679
1648
3324
7869
2600
7973
6865
7823
7603
8234
4380
665
9469
814
8301
1780
6542
3951
7279
1400
8648
8020
293
6952
34
7511
5029
1360
8134
243
4826
1303
5230
764
4250
4184
319
5467
7407
5703
8595
7807
5065
5251
7422
2357
8152
343
4914
9301
4949
6187
9899
3589
129
7863
6349
9198
197
5656
2492
7188
9213
4859
6000
7293
6727
1128
4793
6061
3686
757
8611
3519
6661
7212
4583
258
338
3324
1509
8379
976
8980
5497
3906
7208
7007
8293
3712
6022
7044
1530
6904
7412
4519
2197
5764
7278
9932
2282
2330
8452
696
9222
9025
376
8802
501
8090
2250
2403
997
7988
1936
2217
429
1297
8692
1607
136
1295
1509
195
6160
7389
9776
8986
2396
4650
6470
1340
3438
6415
3941
2822
4905
7834
8784
6122
5839
5608
3908
5658
1501
7508
6804
2422
6875
4366
3652
1679
208
1817
3952
7175
2825
3043
5272
6571
9644
3408
6821
3085
4106
8203
6076
1798
1806
2115
9598
3600
8944
6190
7116
2741
4663
4660
6313
3752
2876
2882
4288
8337
9695
6204
9039
4515
8557
5940
1121
9847
9840
1959
8904
4172
7467
7441
7743
2822
729
8584
9860
7714
6878
2254
9957
7141
2014
7322
7453
7842
1400
2953
5743
925
5253
6890
542
3137
4954
9472
5275
9605
9984
1390
4581
4398
408
1649
9376
3838
3706
4321
5437
4175
269
3766
6605
1475
3869
108
7067
6269
9572
5250
1791
1678
4293
5514
1472
3058
2118
1702
5469
632
1057
6323
8622
9845
9925
6689
3199
4785
3815
1266
576
5155
3344
3211
9661
8706
4221
2252
8292
3744
4932
2091
7172
7792
9369
7426
7702
4819
4151
4149
3955
1384
6417
4827
7484
2681
9604
4807
4299
9691
3378
9954
6465
2568
8091
6330
8220
2190
9265
2972
9267
3144
6000
4670
2526
5449
2707
9612
5606
9024
6251
8571
4427
1260
1722
3655
2309
8284
6994
4367
7929
2502
3219
70
9740
7884
184
8319
4169
161
5027
1565
3435
628
8673
4674
7548
5875
5193
1937
5218
4136
9066
9827
1379
3460
9338
9536
1766
2991
9036
3286
2458
8549
5762
5298
1349
7959
1180
2967
4940
847
3931
711
1233
6804
6309
9422
676
2303
3308
3464
3943
535
8748
4928
701
6567
5963
9495
910
8165
8709
7613
9482
202
6881
8637
6269
5531
7748
8914
3066
7482
8832
8373
6993
3307
1669
2454
7264
6529
2269
620
4189
2480
2605
4292
6073
3081
5345
4971
896
6533
6586
6075
1583
3449
5949
7808
3413
8920
2781
9856
5678
9007
5751
9907
1073
2848
1390
7559
4550
7276
6590
4529
5505
6203
8469
8483
2783
4771
1224
6972
9181
7451
5389
9824
2040
6063
4218
4274
8832
7633
3056
6271
5947
6909
7923
4602
8906
1435
6102
2798
3292
1457
7832
4710
9786
3896
3588
7219
46
7471
5693
6648
4926
3611
4405
1351
5514
1393
66
3378
5258
5362
1558
7115
2964
5610
2854
9689
3979
8057
3277
3243
8419
1431
5862
3191
9780
2532
178
6281
1781
3151
3957
3687
1093
869
7895
4407
3952
1095
9677
1274
8013
3870
961
3509
4048
1788
4783
4032
2364
4442
9814
1891
5624
1356
6533
3886
7989
6578
6489
1052
9247
5133
5741
3067
9041
5169
8339
8188
3997
3584
6486
4420
1854
9815
6982
2835
4731
1463
2977
6842
783
829
7360
9594
6638
3045
8931
8118
2747
6655
1597
7641
575
8385
3839
3219
847
9910
5925
3644
8932
1764
5317
9835
1826
6220
6107
7093
5265
8177
8230
8355
7107
1166
9240
268
6979
102
9947
6486
2666
4731
462
3592
4445
5790
809
1915
321
2220
2060
752
6654
1922
1266
1173
2615
4838
3286
3640
8660
9338
6357
3628
5738
3693
9258
9689
3715
236
1721
8079
4454
2738
706
7784
8020
4197
2493
6149
1183
1754
8008
1566
143
6082
2528
6588
6128
1404
8533
9459
2254
8338
5229
3283
3609
8069
541
274
2482
5015
8576
8974
9028
7576
9595
8449
6303
7430
1378
4576
5896
8159
4566
6848
197
7956
6008
762
6595
6421
3390
3740
3517
6296
1903
3295
6983
1011
6869
7243
2927
2930
5316
9103
8072
1997
8820
8788
1204
3528
6441
4901
8180
3412
218
4554
1882
8263
800
7432
5291
8809
542
1640
1925
2498
3604
6697
6231
2063
1605
2354
5340
4816
3982
4011
4086
2648
8079
6223
1785
6586
1742
7814
3020
7516
9773
6196
7908
1262
2614
1962
8455
2777
2810
9689
2467
3719
3493
715
7181
8650
3132
7081
8123
6037
4484
5697
7123
2229
6013
3326
6308
7762
3784
658
2419
2919
708
6375
1411
4629
1811
9795
1842
881
7422
1065
1650
3253
3651
6676
1329
6429
9481
4715
4431
1514
6330
9205
3980
281
8276
4095
5404
6715
9188
9861
6537
9336
3313
8899
6396
4202
7772
4453
6916
7727
1872
2929
7424
8799
8628
8779
1942
4496
5541
3612
9751
6372
5340
1880
4708
1562
5185
807
5130
5041
4548
1905
6420
3392
8065
8434
9309
7719
6021
7923
5368
992
9465
6413
9589
4302
2663
1308
9553
6569
418
9281
1235
7305
6300
6031
8015
1702
96
5630
1625
6912
9691
8888
3400
9586
6109
5600
9325
9836
6776
3949
7654
9960
5725
463
2157
9264
4671
7840
2931
8791
6139
1501
404
28
2279
9293
4152
1231
5639
3829
7886
8744
4252
8655
1290
7434
6858
7238
5252
2383
8409
1931
8865
8981
8662
4749
9661
6104
8468
6244
1005
9179
7102
9765
5703
9188
2845
9814
8171
6891
8821
1444
9999
4938
9560
9110
766
1348
2012
4691
6923
9498
9174
9335
3407
6186
5612
6452
3214
8484
5322
3871
834
1096
8740
3868
443
4528
8935
6459
8577
9814
1688
6651
51
5802
6869
6232
8797
4533
1206
1528
1787
6091
7339
2766
3941
5994
9480
9016
5854
5350
7235
1258
2513
3046
6989
2718
7710
506
9856
3342
1658
6660
8842
9421
3630
4519
2846
1671
8203
2717
5120
2311
7848
4662
1624
3381
7379
507
2477
9747
39
46
4176
7835
8279
7706
205
6144
1638
6560
508
7803
1945
981
582
8076
1385
3033
9557
5770
7906
5706
1869
2850
775
6283
9337
6301
384
23
9131
3819
66
1236
2345
6499
8425
6193
53
1521
3316
1472
6452
3036
8810
2786
2397
9599
281
1303
4733
3402
8467
5839
4918
8151
727
598
24
6562
219
3882
7241
4114
9612
905
2190
6256
6807
4793
802
7293
6493
3884
5823
1661
1773
7068
1406
8683
5550
9562
3186
6032
418
4436
65
5738
9795
7074
9041
3984
3573
5420
9375
3577
7917
605
1618
8196
6138
8805
7005
9654
7046
6563
3602
4189
5142
5752
8288
3643
1758
4488
8733
9991
8666
3829
42
5507
2884
6918
2267
5806
8476
3451
4870
6672
6383
5455
3992
9562
7913
6150
5611
8150
9234
799
2549
5979
4003
4035
3651
2036
7439
6977
6727
3774
70
1946
7119
8712
3521
3101
6929
7044
506
3969
4110
7512
865
2492
1572
4108
6682
3714
8902
4832
3372
5307
1133
9822
6184
3985
7428
4799
6608
5700
3840
9725
9302
9992
3429
5770
1989
2879
6341
4760
6578
4857
6670
7549
7844
7906
3735
8649
6620
5439
9090
8701
776
817
9999
2043
6748
4244
698
549
2176
2819
5055
6276
5347
5387
4245
60
7259
9452
3477
8000
610
9504
7711
3893
9640
3285
6531
9860
2960
4381
1586
6958
9614
7752
529
7901
2011
5525
1702
6192
4497
9833
3299
3153
7588
2172
5100
9613
8614
7390
1886
6084
9303
633
7220
2161
2363
7626
4749
991
9675
9490
390
705
1853
5800
3886
2336
558
2077
1769
7188
7813
7746
5335
1778
8974
5593
6175
5127
3378
8339
154
5763
2083
6206
6012
468
265
4713
1587
8221
1341
1629
5239
9061
5851
4096
2798
7647
9423
903
5063
6085
3004
8084
8291
86
3313
2989
3028
4552
763
7575
4477
491
1431
2294
4130
2634
3367
7137
5279
829
1756
5145
928
808
6795
1613
7234
9869
3182
1989
4642
4164
9523
3780
7662
1598
643
9888
4499
3171
2601
1515
6764
593
5422
4689
5753
8614
5175
2255
4948
4774
6670
5700
3012
6469
9417
3673
2175
5686
4614
1938
3424
2499
7304
8609
484
9881
4427
5566
8257
709
647
4359
272
384
6218
4880
3427
2415
2650
4580
9546
2976
445
2973
2928
943
2395
3355
4776
1122
8934
5648
170
9375
2866
2970
353
9632
7853
8159
6352
1741
1514
8139
1015
5578
234
6627
8053
9980
9471
6799
9067
3047
5929
3767
8302
4197
2085
540
3916
5321
7197
146
865
3262
4862
9235
8756
131
9277
6566
454
9781
2809
3335
4022
9385
8815
3751
7149
8347
2992
5423
1081
8158
6223
2506
4080
3569
4965
2183
1333
1561
3912
1068
3365
1668
9099
7621
160
3130
7452
5159
5738
7126
8318
9079
2681
2070
961
1586
7308
1674
8475
8285
2768
8086
5309
4165
8041
5303
2551
4403
7112
1263
8597
8039
1794
7430
523
8652
6013
9114
431
2370
1893
1197
9269
6915
7939
950
402
2610
9865
4482
3864
5915
9163
5115
6216
2941
9977
774
4358
5933
5240
1833
7896
3989
2497
4697
7636
761
446
8832
4158
2896
6587
1040
3287
2450
4313
2954
5500
1549
6684
6607
6207
8754
9137
9809
6840
5069
1456
3299
474
3195
5460
6605
927
2721
1118
6206
274
7582
9619
5158
5971
9799
4067
5027
2656
7823
3213
2161
8143
8780
8704
306
2611
7778
1981
6019
5373
4123
755
4751
7192
6908
7287
7346
8068
6184
7209
189
4648
3803
4836
7323
4527
2610
5714
943
5322
8709
7048
7839
4022
8826
8006
7674
2741
845
2538
7380
7937
206
2924
8503
2199
4492
8460
7541
6437
4055
7273
4517
2264
7242
627
5042
4146
4792
6890
9781
823
908
3521
4623
2244
8451
3270
482
6932
1388
671
4506
6612
3523
9868
4164
9063
711
1280
7055
719
3066
8315
123
5329
457
970
3811
7679
4576
3936
5269
6062
4549
1375
3291
8315
2555
1941
3840
6992
8033
1363
5124
1454
8830
723
9914
5942
1528
3980
9897
9368
7541
9518
8389
2284
4792
1081
8976
4808
2537
2405
2175
1589
3539
3645
3174
6201
8401
6367
4039
884
3612
8919
9679
2210
4477
9527
7065
5638
8911
3230
4527
8978
22
1720
474
8866
3096
4578
1086
6012
9067
202
1402
2808
2453
8096
9337
9000
7741
2244
9306
5946
8526
9740
3573
2684
8706
7133
3603
9867
7004
207
6484
1518
219
4612
1108
5083
2920
3576
1662
6798
6978
8542
3085
2
221
9751
4471
7509
5618
1131
9991
4412
8053
671
9308
2604
6777
8560
9302
6452
1268
7028
8150
3122
3899
2406
7095
229
6986
3257
367
1609
3456
1899
1927
8056
1576
5027
9594
9351
2097
2698
2193
595
6769
2648
8394
8210
1871
7211
5743
7209
4965
3335
9763
1165
6132
9166
4147
7487
5692
6317
3424
9847
5188
1631
3195
8815
1269
7706
6011
2880
8284
5063
6549
513
2771
8641
9464
3135
5960
1135
8933
2510
144
6793
2112
1906
9776
2457
6717
222
2455
2891
344
1212
4234
7537
4110
2220
3661
9426
5406
8448
8166
1933
3056
3567
8153
1299
8900
6356
1297
8961
3742
1830
1724
6630
934
2523
4598
3268
4
9551
4355
7246
1434
8161
1044
4805
9577
9631
4861
1144
1318
5777
970
6437
9972
3411
4296
5933
265
6050
3744
1107
333
552
8798
4462
1243
4603
5640
7762
3276
9865
2991
843
1720
1291
1857
8128
812
8259
194
4054
4877
9805
1047
3177
6733
2295
7190
280
7449
8962
2581
1033
3269
5096
2757
9805
9040
7294
6439
230
5635
2168
2509
3451
1877
5547
6886
7695
2201
3747
8615
7538
4508
6631
7984
8085
2178
7065
2102
7854
3579
8918
6977
9532
5199
1656
9417
7068
4882
9580
7507
9801
1197
8661
8309
2453
7697
8382
849
2945
4397
1578
3540
5890
5648
6710
4429
5275
5042
205
7661
8169
8017
6598
9376
7931
8147
9429
4532
6607
647
3047
7499
640
7839
2326
7306
4948
708
421
9590
5052
8046
1767
8675
3022
723
4586
9033
5168
5299
2938
4912
3412
1471
884
578
9293
8804
4009
237
2049
8299
7636
2542
699
224
8988
719
4565
4555
2393
401
8164
2111
2054
6976
8637
7380
3634
865
9129
8582
3624
6330
3170
5751
1120
4547
7608
3807
4995
9329
5897
6822
4599
8016
3571
8352
8037
4486
349
7275
8095
4776
9733
9901
7885
7816
5574
2708
177
8530
1719
5241
4494
2271
7871
3938
6880
6306
9838
2059
8674
4242
7062
7466
360
301
1003
9112
5446
2644
2854
7425
6473
9388
4202
5042
1765
2095
5378
9078
7041
9066
8646
4302
9469
3155
5813
9529
8182
804
4087
8989
5596
586
5272
9307
3707
4956
7265
5865
5155
867
9803
8310
5593
2560
8929
8513
6232
628
7443
3026
7347
1134
9982
1732
3959
1080
8509
3358
7234
9102
5314
714
9830
6054
8175
6829
5542
3100
5005
7017
59
1502
9406
9862
5359
6798
1815
1526
5454
5751
6131
2182
5573
5258
9710
6553
6589
6764
4206
4612
616
2663
7687
5647
3077
2135
3904
916
633
6727
1585
5117
370
7456
4343
2605
9508
5518
9910
1711
6004
7631
8397
6872
4208
3488
3321
5657
3684
277
9389
2285
8314
8783
6825
4637
7368
7333
1722
8559
5617
3240
3206
866
2290
4388
491
2524
8635
6041
7007
4184
3022
3964
7290
7520
9844
7423
8401
379
1045
1171
1704
1179
653
6979
3895
6652
3102
4196
9887
7474
3186
9902
602
4596
4655
8165
4185
5332
8631
2767
2683
9393
1542
7225
1275
6868
319
6364
5437
7129
2687
4613
9067
3778
1944
5635
6352
5751
9947
9076
7186
5589
2556
3848
4986
497
163
3411
7086
141
6452
2419
5038
2785
8306
6044
6842
5978
8904
4930
8511
3846
7457
5086
5277
7960
2370
781
461
2673
7963
335
9801
9516
2884
2713
3931
3441
7612
6201
91
6920
5146
8805
9889
6652
6415
1015
367
4368
101
3745
1936
4130
2590
2408
4794
9325
1513
444
8507
5015
4362
3598
8677
2900
5304
3288
3916
2380
6305
1076
6965
6077
1178
9116
6721
2000
8488
7820
2170
8671
9444
3898
6723
9238
4709
5038
3237
8161
7654
7503
7819
5106
2798
7784
5936
4516
6630
4965
5487
9709
8357
544
3993
2046
7131
3545
3053
1311
2078
8493
7904
7023
9567
9789
9110
4773
1974
3982
4809
5890
4490
4620
3710
2679
1489
3593
6913
9553
6973
4612
7337
8673
6309
5562
3722
5232
3098
4620
9862
6046
5857
7273
3725
6998
7999
8031
1854
3033
1880
9760
2579
3352
2901
4209
7000
2155
6205
8096
2405
3016
74
1309
9876
8305
6757
2776
3807
2056
708
9377
1965
437
273
5749
9821
9148
841
3207
9610
3378
2875
7357
944
6718
9969
9524
7120
1669
9760
5720
7636
5949
3989
3877
5143
3018
2513
3971
3926
5922
4338
9244
1335
5796
6303
5165
8286
6283
2694
9053
6098
3055
7385
6753
8061
8124
1868
9259
9241
380
1266
1652
1492
7205
7402
1640
3625
571
4309
5848
6907
3415
2239
9407
5350
9994
3763
2605
5779
6444
2338
3004
9353
102
4790
551
216
6655
4967
122
6459
1236
7000
8922
9048
5423
47
320
2575
9622
1123
6977
2764
6641
813
7269
2822
9206
5065
782
7866
6978
5932
8203
9625
5793
9577
685
1110
5361
5261
1905
3339
8773
5743
8625
2230
4780
1249
163
5573
224
1483
344
8040
5048
8632
4148
2099
5575
5678
3569
7940
4696
6440
2356
1152
4322
896
2355
2310
7217
7472
5587
7578
111
1641
4622
756
6752
6842
5064
702
6359
5016
3756
2549
5068
4170
6293
8544
5286
1411
2776
3177
891
5561
1738
1186
4511
6788
6376
9822
2638
5393
7149
9750
2369
479
9272
1376
7440
4458
2075
4712
3599
6375
7978
5143
9171
46
4829
6396
1398
394
1740
7258
7816
5678
9630
4820
866
3152
9739
6975
5695
2377
8274
8620
5345
8556
5198
402
5862
7895
3952
6689
2275
4594
3167
688
9814
2768
8621
8373
2600
508
2632
1934
2019
7822
6666
7601
1704
9755
9072
6447
5231
3333
5317
8586
8723
1005
9542
8489
542
8534
3362
6222
5453
8414
6245
7640
6751
8502
7658
4930
9594
299
314
1447
63
33
3929
1568
3841
4362
2632
5441
3899
9309
3074
8254
6640
7220
2687
6741
4114
9600
8119
6956
3812
9140
1944
4992
2359
1695
2777
5392
7516
6153
3291
4255
8859
5189
3954
4520
4691
3537
1961
8921
8981
8094
8455
8263
6232
898
181
9559
8526
477
817
7901
5654
1997
3749
1671
5747
7766
6318
2623
8746
5552
7682
6762
5032
8496
2555
348
6231
779
3959
948
5291
2158
1534
4250
2416
7216
2449
7289
6836
4417
2612
4409
9786
5387
2150
6286
1331
3301
52
8980
3691
4916
1389
7068
7568
7558
8559
7633
7627
1815
126
5174
5948
9521
9996
5016
8281
3497
5077
4750
4488
9502
5939
4321
4671
3436
7731
3718
9912
9561
2141
9165
2385
9827
8074
4347
8650
7027
6009
395
3306
7611
4460
5669
3494
3881
7615
3116
5603
4699
5740
6634
5888
8765
9197
5142
5127
2190
7107
4517
5132
38
120
4163
8476
7326
8099
4928
301
1612
5937
3000
9188
2141
5939
7159
975
2080
6001
1564
4240
1322
6841
1409
3426
3915
2956
1537
6290
9113
1081
5176
4242
3216
7692
536
5725
5120
3780
7687
6207
2514
1784
6088
699
7457
6181
5193
1939
7060
8686
1040
4719
5651
9077
3688
1328
8134
3588
4825
9845
5777
3498
4666
1337
1747
721
3116
3822
3037
5388
1753
5773
4318
1352
4841
5175
4859
7048
8028
7950
3914
6250
682
5060
4367
1836
1144
1781
5836
4566
4109
3845
8779
9880
7096
6537
1459
9672
2802
5743
748
1834
6389
4451
8599
9669
6322
2736
6867
8691
4315
2316
2172
3094
3453
2884
7783
9686
5801
710
156
4974
1832
3519
779
8715
6269
9870
5345
1233
8226
7343
3329
6461
2456
6386
4526
2071
1362
2033
4765
4741
7155
8436
6819
7203
3807
7590
4179
8555
9074
8164
2048
7355
7994
7092
4869
8125
931
6009
2893
6215
7199
5245
4909
3137
6435
4104
6309
181
3590
6290
8592
241
757
8726
9077
8355
1967
1653
6776
7862
2692
5092
1277
4904
9370
7195
6485
6485
2940
3333
3193
8743
9310
5432
7058
863
8482
4194
2082
9416
4977
5359
25
8654
8666
67
4231
691
6695
9352
25
7057
5474
6780
3797
2336
9942
9468
571
103
7096
4877
5316
7512
9877
5696
1464
8516
2865
1902
196
6695
6906
2908
1595
2086
114
4075
2959
5649
1182
3690
7344
164
3406
6729
7679
5732
9932
596
3632
3958
3385
7126
5448
5207
1365
960
9079
343
699
1277
903
4091
6473
5946
6106
456
904
6234
963
3205
9999
4302
5518
4005
266
4724
1555
6461
8509
9572
1921
3383
7436
682
7941
475
1126
7917
2909
5540
8096
952
5043
4901
553
7606
4532
7051
1201
5330
2567
1136
8104
9143
5413
3460
1149
3527
5875
5941
6270
1060
6281
8553
9547
2783
566
7594
7066
5644
3964
2776
8348
4531
1042
5852
5821
3800
9286
731
9876
4124
2228
1819
1129
9559
1447
8693
29
595
2775
5039
2395
7519
1894
1875
7486
3606
5914
1072
2428
19
6490
7912
5407
3371
7943
531
4737
5781
334
3794
285
7074
7041
4519
4705
3802
4913
6493
3292
3573
920
993
1495
2365
6539
4445
9120
4097
2616
5438
1712
7719
2815
203
3699
6640
7286
4161
9424
7977
2557
1799
422
7093
2457
624
7690
9863
3198
5557
1318
635
62
3167
4719
6318
7061
115
8253
8204
1605
618
5775
9078
8829
9599
9830
8992
2299
5982
1208
597
6582
437
4847
3096
7266
4440
2321
4171
5961
9936
8066
7197
4633
9630
4282
4931
4296
4401
8931
4397
3066
2949
7392
9029
431
3318
2407
5038
872
173
3968
353
125
5443
4104
7982
9026
8039
7944
3264
1360
2088
7605
4680
6655
3915
7367
1053
3659
4728
5882
1410
2395
5614
9719
7444
556
3755
268
5227
2689
2619
3829
4916
6381
5332
5003
6103
72
1540
7479
8512
3578
963
1780
468
1996
1702
2382
7159
5936
5571
4458
3481
2061
1394
7579
3670
8383
9562
1613
6525
355
5023
3249
6244
5895
8435
9676
5172
5016
2145
7622
3049
9975
7524
1932
5636
5344
9033
238
4740
8998
7115
7257
8072
1627
8260
6931
7858
6061
6211
3623
891
3404
9199
3971
8436
5623
4220
43
1166
8397
9051
3280
613
1752
5237
4254
7164
1565
7863
164
6492
3722
9749
2850
450
3487
4567
2488
2032
4108
3405
6300
8499
8062
8510
7153
8917
2096
8526
5627
1393
8021
9274
108
9785
3995
7835
2654
7584
4560
7363
9010
454
3189
9705
7447
307
935
4524
9498
5875
7269
5966
9798
9124
9575
4876
5910
7406
1337
2387
5948
583
850
4632
1452
3578
797
2855
8932
3667
955
9362
4593
641
7356
4244
7263
5159
1307
7773
4345
6018
7485
9415
4176
8668
9161
8845
1405
611
8607
1037
1015
5865
5922
4710
5667
2797
6415
6706
598
3750
5597
6447
6524
7391
4238
7397
811
2400
1393
427
7311
7329
6213
6645
5630
3954
1374
4895
2397
2521
2044
4211
8109
7352
1161
1937
7404
1606
2618
9662
5060
5003
37
6948
2427
3833
153
4168
4498
4425
5307
923
4559
7595
7705
4992
715
65
2625
2397
2763
8376
1358
1274
5500
6577
7922
1788
3715
3634
6832
1992
8490
2610
7800
9281
9981
2928
3682
2017
4245
8947
6616
2975
6810
9938
4719
9113
9871
7263
2068
5347
3874
2191
3372
62
3015
6605
536
9530
9605
2235
4556
1417
611
4491
4523
676
8463
4964
2530
3190
2313
8357
5937
1989
3677
3076
323
2646
1933
8671
9854
2623
9481
2725
9055
7928
1508
2991
9361
1772
7915
7746
2976
2260
3965
6495
8096
3634
296
9009
3958
3076
7030
5773
6273
2295
7010
5045
1723
3228
3414
3022
7400
9545
566
9109
9898
3571
861
537
516
6642
1836
7168
6287
8061
4307
7961
8916
4943
2146
6318
6939
3681
350
1967
5212
1772
7827
5056
9708
3171
9683
2051
1065
9000
7189
3291
8130
2622
644
800
7195
112
579
6834
7362
4612
8605
555
2552
3595
351
9988
3662
4241
4752
6953
7280
1657
8178
7674
5014
2799
9396
5305
3608
9479
4357
1769
7335
9870
6684
527
2099
243
7275
1054
2706
1718
2687
6594
9858
5439
1660
2291
5274
640
6211
8709
5138
8511
6270
2255
665
2055
9817
5235
3999
2965
4134
9890
1563
8955
4159
105
5897
330
415
3176
1376
3178
3534
8678
4035
3141
5222
524
8120
4431
8173
2886
1180
5920
9551
2730
9083
6468
7909
8340
1558
2325
5526
4057
4979
4597
545
4119
8769
6409
9470
8238
3717
8322
3127
8117
8403
7896
523
786
1787
9419
4182
3425
4671
3818
2793
5422
377
9645
3018
8567
7439
4843
6309
754
5234
9733
4253
1700
2157
5026
7493
367
3624
7676
8410
2234
5169
4942
3689
5270
6744
3649
703
9046
359
1463
7429
2368
9260
402
8584
1169
4166
2649
2503
9443
2148
6423
6591
8805
1157
7584
1676
6785
3691
135
9749
8642
248
8961
9929
2366
8772
5568
5386
604
3621
6067
6503
673
1234
4349
4941
9218
68
1440
1507
8424
2802
9030
2982
4959
7908
5610
1231
4476
8409
8847
2687
2506
7165
5049
2054
413
3130
6900
3746
1204
3378
1400
99
5379
9451
9969
5029
5173
7568
1886
5872
9006
5298
8863
2294
4378
4037
2446
223
9145
8843
4558
56
4469
5395
5547
2029
4658
126
7999
112
9502
6668
6813
9283
4703
7471
2728
1898
6733
3000
2439
7249
6161
6794
5132
4751
10000
8509
2588
387
2000
5851
851
3766
6162
3486
8561
1581
6056
6864
281
8708
3278
4398
9048
5462
5527
4130
4875
5804
5150
7062
2058
3319
9682
8068
1962
2234
1887
5980
1606
8617
7838
8808
6775
7509
3122
694
2259
4123
2329
7726
6360
4240
5808
9953
1337
9080
9549
2377
3106
343
3407
5715
9809
104
522
5857
1842
8659
5047
1664
2588
1145
3822
581
4078
336
5721
6128
6614
120
3443
6323
9831
4992
7628
2540
6227
3540
6017
8688
2507
4239
3390
76
181
9881
6173
9909
1613
9602
2059
6490
5911
9999
503
56
9976
3275
1238
8862
4090
5971
4070
8900
8856
6218
194
5956
6971
5109
6516
3232
7316
86
763
5788
4913
2478
9723
6178
5381
4302
3610
7322
3522
3751
9028
6107
3597
7471
9298
2268
5592
7975
2091
2454
6858
3956
8057
9340
4973
3704
5174
8256
9368
7183
934
5127
7980
9262
8385
4581
3094
2521
8318
1394
4855
1271
3142
1716
811
3458
8015
3293
7787
32
4808
3527
4158
7226
4353
3471
2099
6056
2923
7201
1191
5845
4565
2390
1321
5398
2476
8983
6768
3439
3002
9034
9909
3026
9143
8717
1225
9195
8416
9367
7596
2540
9481
9992
6363
7521
4890
304
6878
5929
8684
8607
6449
7040
9707
9474
2377
363
8895
571
7040
156
1739
5717
5039
7135
6967
42
4654
3949
221
9114
1530
4868
687
3617
1054
8918
4543
6002
7567
2220
230
8568
7426
2919
7480
6626
9250
9506
7933
5913
5910
2052
599
9313
1388
3123
1734
5907
6780
6079
70
4817
3544
2008
8092
4286
950
3483
5579
995
9159
5257
7948
7571
463
4002
1972
8496
2321
2580
9376
4425
2312
4287
80
1229
8754
6390
662
6119
4330
7022
108
8903
9593
8842
3956
1780
5734
8596
779
2535
2729
5041
5074
2589
5223
3341
4487
793
8878
4419
8862
7267
3674
2859
7362
1795
2839
8866
535
6450
7259
1732
243
20
357
7726
4576
3747
2896
3038
1609
6281
3932
4553
8934
4069
3305
4335
9696
3894
7103
8384
3718
6189
4778
1073
7838
2133
8226
978
1005
8488
5913
3031
6555
4825
9162
7227
8979
9236
8939
5571
351
1232
2614
9894
7365
5599
9214
1883
4089
7919
4511
2951
9452
9136
4686
8134
3427
8970
521
1344
7727
520
7025
8651
461
7995
6620
3235
8369
5294
3968
565
1296
3130
9279
1436
9295
2298
4478
9452
3634
9985
4472
9029
4520
1844
324
4126
8236
1860
4247
5252
8323
1209
4288
8034
1428
5119
3706
1155
3912
2049
6342
1697
5291
3156
1596
7099
2607
4940
2111
5594
1450
5476
5264
9717
2624
3906
3782
3508
4794
8606
6334
6958
6339
5560
5976
4535
6957
6796
7893
8427
1844
7219
1753
8007
5794
3610
5349
9154
9107
4816
8302
5410
6820
8258
6434
2546
3998
9000
1791
1314
7323
8489
7901
6836
3581
8368
8799
9371
6310
7141
313
826
5072
1570
5977
5560
2537
1483
3342
6762
793
1644
1652
3294
2891
2104
420
8694
7305
2519
9149
3474
9223
2644
9822
3896
2133
7403
4777
8584
8879
1152
8436
291
1652
3021
841
3363
4905
950
8415
7612
2720
6838
9815
438
7837
576
2802
1147
7725
9641
2084
2331
6193
4255
9538
3893
6161
7707
2294
6088
6914
5028
9078
2710
4625
1466
1029
6110
6148
1167
1599
875
9382
8565
3132
4603
1629
3892
5776
7078
9155
7810
903
9866
1450
5081
8441
697
4426
8399
883
5449
8789
6757
9369
496
9698
2052
9514
5996
4947
1364
9731
673
1000
219
203
1049
4188
9417
1470
2624
1856
7857
8851
3341
1367
6305
8032
3263
6079
182
9399
1279
4540
6109
5606
3271
3302
1700
2282
5798
1655
3001
1437
7409
9972
6997
7087
4645
9813
7134
8971
2791
7351
6508
8715
829
8144
5904
8085
480
9019
9065
756
289
2882
5399
5944
9832
1320
1852
6940
9472
6891
1615
1319
4161
4791
6016
5524
6058
6940
23
5676
8953
8448
5763
1637
227
7973
6931
1752
4996
7721
4396
6436
8918
6945
2515
6247
9280
5187
3860
5959
2466
2590
2786
7781
7992
903
4641
5016
8650
4595
1592
6211
2339
9713
358
1657
5420
7358
1378
2222
4197
1939
5257
2839
5756
1739
1217
3447
4553
1018
5255
189
575
7246
3483
4564
4822
4378
6628
2250
8011
8149
9655
1763
2337
6230
